   1093        0.75    0       0.63     0.37      305729.4602    4602846.014 
   537         1.75    1.75    1.25     1.49      306629.4602    4602596.014 
   1189       -1.75   -1.75   -1.79    -1.81      306779.4602    4602871.014 
   1032        1.75   -1.75    1.49    -1.81      307129.4602    4602796.014 
   515        -1.75    1.75   -1.07     1.09      307554.4602    4602571.014 
   1156        2.5     0       2.47     0.19      305954.4602    4602871.014 
   1523       -2.5     0      -2.08    -0.5       305929.4602    4603146.014 
   179         0       2.5    -0.17     1.49      307554.4602    4602396.014 
   195         0      -2.5     0.16    -2.36      307004.4602    4602421.014 
   1388       -0.75    0      -0.78     0.09      306254.4602    4602996.014 
   165        0 0    -0.01    -0.15      307204.4602    4602396.014 
   55         0 0     0.06     0.03      307454.4602    4602296.014 